{
  "agent_names": [
    "MF Reward",
    "MF Choice",
    "Model-based",
    "Bias"
  ],
  "rnn_to_moa_permutation": [
    0,
    1
  ],
  "correlation_sum": 1.3648616977633055,
  "projected_mix": [
    [
      0.2584500000084457,
      0.23833212274724996,
      0.2611146627270206,
      0.24210321451728373
    ],
    [
      0.26720553790505175,
      0.23604828302525654,
      0.28362487151877835,
      0.21312130755091335
    ],
    [
      0.22422334612331932,
      0.25284611934972645,
      0.3128227039031786,
      0.21010783062377558
    ],
    [
      0.2105183415602583,
      0.2597824217480956,
      0.32089477299494656,
      0.20880446369669953
    ],
    [
      0.21246064060362732,
      0.2546387888940698,
      0.32078315353712483,
      0.21211741696517805
    ],
    [
      0.20390654367704236,
      0.2646584798104891,
      0.3235891762901893,
      0.20784580022227925
    ],
    [
      0.25166732126876407,
      0.248155345250017,
      0.304553637118808,
      0.19562369636241092
    ],
    [
      0.24098498366277743,
      0.24477454391531772,
      0.32198913223836395,
      0.19225134018354093
    ],
    [
      0.23891275945590867,
      0.24831027234044534,
      0.3077822963840357,
      0.2049946718196104
    ],
    [
      0.21112499625006606,
      0.262596246204478,
      0.32406217832719664,
      0.20221657921825925
    ],
    [
      0.20515624089729895,
      0.2673912320976386,
      0.3253013547016561,
      0.20215117230340626
    ],
    [
      0.20415737603054315,
      0.26944616982821895,
      0.32388331440881285,
      0.20251313973242513
    ],
    [
      0.22953498115761398,
      0.26278496979212607,
      0.3030519371468688,
      0.2046281119033912
    ],
    [
      0.21152585972598342,
      0.26683999876119097,
      0.31811252789343153,
      0.20352161361939414
    ],
    [
      0.23177340459560225,
      0.25474219321768704,
      0.3202162683849578,
      0.19326813380175284
    ],
    [
      0.2076918021654083,
      0.26615124655062317,
      0.3260917865267819,
      0.2000651647571866
    ],
    [
      0.20393997226690308,
      0.2691403877603559,
      0.32417972486982627,
      0.20273991510291475
    ],
    [
      0.23360554573274514,
      0.25710426173243817,
      0.30188423241043344,
      0.2074059601243832
    ],
    [
      0.20831391274080566,
      0.2673139185025947,
      0.31985795504161996,
      0.20451421371497974
    ],
    [
      0.23261879282720335,
      0.2566350064769188,
      0.3016503712267389,
      0.209095829469139
    ],
    [
      0.2575695857657655,
      0.2460869548506467,
      0.2981644949360605,
      0.19817896444752722
    ],
    [
      0.21415910524503567,
      0.2628634378553763,
      0.3223979008755803,
      0.2005795560240077
    ],
    [
      0.2541998395583887,
      0.24781940178372702,
      0.3064641276426502,
      0.19151663101523408
    ],
    [
      0.2421239256273415,
      0.24482078378860272,
      0.32403586312597127,
      0.1890194274580845
    ],
    [
      0.23949252399033275,
      0.24853621213330138,
      0.3093714800429386,
      0.20259978383342725
    ],
    [
      0.21147317426414017,
      0.2625920472768386,
      0.3251022251134881,
      0.20083255334553324
    ],
    [
      0.25555968060420753,
      0.24821630061522784,
      0.3063896481973665,
      0.18983437058319813
    ],
    [
      0.26972234840278664,
      0.24051452155677214,
      0.3037282906129472,
      0.18603483942749394
    ],
    [
      0.2234485949810256,
      0.25550777360599725,
      0.32452915853063824,
      0.19651447288233892
    ],
    [
      0.2617698097123691,
      0.24329173091575107,
      0.3064165932476972,
      0.18852186612418265
    ],
    [
      0.22144649321227317,
      0.2565941230877334,
      0.32418528767067845,
      0.1977740960293151
    ],
    [
      0.2105537400381597,
      0.2626185611863711,
      0.3257632774248253,
      0.2010644213506439
    ],
    [
      0.2578173262836724,
      0.24692862189362963,
      0.3047218467213586,
      0.19053220510133942
    ],
    [
      0.21940170149799845,
      0.2587609364001522,
      0.32234700682372786,
      0.19949035527812145
    ],
    [
      0.23940730222346737,
      0.25113746090911176,
      0.30316375868624734,
      0.20629147818117352
    ],
    [
      0.2401862482190871,
      0.2501658866430598,
      0.29976946892154144,
      0.20987839621631174
    ],
    [
      0.23941708023964356,
      0.2508473263963025,
      0.299151472340888,
      0.21058412102316584
    ],
    [
      0.211230644063574,
      0.26466239330674635,
      0.3210357001162967,
      0.20307126251338306
    ],
    [
      0.22979530608204704,
      0.2613406441620335,
      0.30445029172330496,
      0.2044137580326145
    ],
    [
      0.21179540820044532,
      0.2661976222729914,
      0.3195389008454201,
      0.20246806868114325
    ],
    [
      0.20661063496661497,
      0.268285908697716,
      0.3226536727811912,
      0.20244978355447774
    ],
    [
      0.20504523722915532,
      0.2694464436572396,
      0.32251916449146667,
      0.20298915462213846
    ],
    [
      0.25707740022456943,
      0.25033462046870064,
      0.2994971760554496,
      0.1930908032512803
    ],
    [
      0.24053106466196622,
      0.24913336152919247,
      0.3220911443875864,
      0.1882444294212549
    ],
    [
      0.20934831053485733,
      0.2643350901706255,
      0.3293996991384854,
      0.1969169001560318
    ],
    [
      0.2045564236245888,
      0.2687583141100413,
      0.32669059281807444,
      0.1999946694472954
    ],
    [
      0.25483703722626816,
      0.2510790267245172,
      0.30487067341551444,
      0.18921326263370017
    ],
    [
      0.21797272362336523,
      0.2616603428957763,
      0.32243756983780886,
      0.19792936364304958
    ],
    [
      0.25964345997268434,
      0.2466315518877309,
      0.304704874372031,
      0.18902011376755376
    ],
    [
      0.22003905789724199,
      0.25869274038413026,
      0.3229124864387865,
      0.1983557152798413
    ],
    [
      0.24012129827611703,
      0.2514881518281457,
      0.30379712749131477,
      0.20459342240442246
    ],
    [
      0.24122507842924906,
      0.25066797943878444,
      0.3003980393316605,
      0.20770890280030604
    ],
    [
      0.21227048463169856,
      0.2641239923389462,
      0.3214647680364491,
      0.20214075499290612
    ],
    [
      0.2058003376841037,
      0.26827852496244126,
      0.3244908167204839,
      0.2014303206329712
    ],
    [
      0.20465162577268284,
      0.2700344146480728,
      0.32369706568561946,
      0.20161689389362486
    ],
    [
      0.20452952887135178,
      0.2709369822997842,
      0.32268963824021496,
      0.20184385058864898
    ],
    [
      0.2045374539979101,
      0.2714499481340356,
      0.3220323095743944,
      0.20198028829366008
    ],
    [
      0.25578839452168645,
      0.25220170080083965,
      0.3023324155839199,
      0.18967748909355409
    ],
    [
      0.21826993331898406,
      0.2623698129688089,
      0.3211530503530823,
      0.19820720335912487
    ],
    [
      0.2090527690917157,
      0.26623721614151924,
      0.323771748522545,
      0.20093826624422015
    ],
    [
      0.20639124779359402,
      0.26836073851443254,
      0.32323512994429815,
      0.2020128837476753
    ],
    [
      0.2053889836284115,
      0.26964514680515816,
      0.3224134751186087,
      0.20255239444782164
    ],
    [
      0.23105564446605933,
      0.25701622820984743,
      0.3202782783380999,
      0.1916498489859933
    ],
    [
      0.20756129464218034,
      0.2679384893964091,
      0.325637936848269,
      0.19886227911314155
    ],
    [
      0.20427241163314655,
      0.2705867715233055,
      0.3239761559783648,
      0.20116466086518328
    ],
    [
      0.2107986449254451,
      0.2629871773043077,
      0.32209646054610613,
      0.20411771722414107
    ],
    [
      0.25364935958267737,
      0.2507537442087199,
      0.30472608540530216,
      0.19087081080330065
    ],
    [
      0.21666828573541747,
      0.2625885705997808,
      0.3224127802496993,
      0.19833036341510232
    ],
    [
      0.20792053282402814,
      0.2667649514329614,
      0.3243975483783356,
      0.20091696736467468
    ],
    [
      0.2368146774047787,
      0.25624868777718973,
      0.3027649134321112,
      0.20417172138592043
    ],
    [
      0.2106412945014662,
      0.2668943422677537,
      0.32099178611494167,
      0.20147257711583846
    ],
    [
      0.20530415821986894,
      0.2698404343131185,
      0.3235545559652823,
      0.20130085150173022
    ],
    [
      0.2044522738775346,
      0.27096784564060633,
      0.32302063413985016,
      0.20155924634200892
    ],
    [
      0.2260839544399753,
      0.26156027746246746,
      0.32351047699209207,
      0.18884529110546522
    ],
    [
      0.20908377684901897,
      0.2675894930502531,
      0.3254706243506369,
      0.1978561057500911
    ],
    [
      0.2573109609759291,
      0.25017983592097115,
      0.3042899910133841,
      0.18821921208971568
    ],
    [
      0.21899372491033567,
      0.2610989730870127,
      0.32231631489348844,
      0.19759098710916317
    ],
    [
      0.20940653170459753,
      0.26547876380562774,
      0.3244681305365575,
      0.20064657395321742
    ],
    [
      0.25770615721230944,
      0.24872681212525188,
      0.3039550104019209,
      0.1896120202605178
    ],
    [
      0.2712276541633132,
      0.24050330774939585,
      0.30206554490915016,
      0.18620349317814086
    ],
    [
      0.24668357891551215,
      0.24450079243194636,
      0.32526344113223526,
      0.18355218752030628
    ],
    [
      0.21571221816785416,
      0.25748642261522525,
      0.3303970874541782,
      0.19640427176274247
    ],
    [
      0.23421793139404898,
      0.24953355535357716,
      0.3262728647481734,
      0.18997564850420043
    ],
    [
      0.20916595202563462,
      0.2628808800447634,
      0.32910809849671147,
      0.1988450694328904
    ],
    [
      0.23069531282223601,
      0.2534237907429261,
      0.3250144964756454,
      0.19086639995919238
    ],
    [
      0.2072455202684821,
      0.2659586117948188,
      0.32798253263017263,
      0.19881333530652637
    ],
    [
      0.22972591748046794,
      0.2556809127660456,
      0.32442564126419315,
      0.19016752848929347
    ],
    [
      0.2067537357473357,
      0.26767585562256174,
      0.3276842905037284,
      0.19788611812637436
    ],
    [
      0.2038476498891165,
      0.2706948720994121,
      0.32509607483021136,
      0.20036140318126003
    ],
    [
      0.2294049237091166,
      0.2641091794001063,
      0.30352049812073584,
      0.20296539877004133
    ],
    [
      0.21169442881125905,
      0.26788889112650466,
      0.3185825700117163,
      0.20183411005052
    ],
    [
      0.2575366628878734,
      0.2501019861189681,
      0.30240001574511166,
      0.1899613352480468
    ],
    [
      0.21920411480440594,
      0.2608613182134253,
      0.32169369555636346,
      0.19824087142580535
    ],
    [
      0.26044053320009497,
      0.24611577647800906,
      0.30437756773004226,
      0.18906612259185374
    ],
    [
      0.22052589308320047,
      0.25836065288890614,
      0.3228462101868497,
      0.19826724384104355
    ],
    [
      0.23624345468101796,
      0.2500487753878645,
      0.32357277060931455,
      0.19013499932180297
    ],
    [
      0.21012967113496278,
      0.26315891712976736,
      0.32837487399068194,
      0.19833653774458787
    ],
    [
      0.20566653613455319,
      0.2675439090468749,
      0.32571446590085396,
      0.2010750889177179
    ],
    [
      0.20474611612294433,
      0.26946249555971796,
      0.32356332923962183,
      0.20222805907771588
    ],
    [
      0.25492327194317765,
      0.2508318317244135,
      0.30331265821149367,
      0.19093223812091523
    ],
    [
      0.24701444389639465,
      0.24912579613801894,
      0.30031505616219406,
      0.20354470380339232
    ],
    [
      0.23979682990578377,
      0.2469449938960467,
      0.32062111008076816,
      0.19263706611740136
    ],
    [
      0.20986104670343897,
      0.262365762950196,
      0.3290891828602667,
      0.19868400748609832
    ],
    [
      0.25481536111137393,
      0.24792597645808553,
      0.307513783346847,
      0.18974487908369353
    ],
    [
      0.21767707075606893,
      0.2597771413110583,
      0.32378009945821845,
      0.19876568847465423
    ],
    [
      0.23369996245819427,
      0.25065782758536254,
      0.32415965367137806,
      0.1914825562850653
    ],
    [
      0.23333671297291622,
      0.25638422973675074,
      0.30810882931347433,
      0.20217022797685888
    ],
    [
      0.24142915733110978,
      0.2513095576160991,
      0.2998190775615672,
      0.20744220749122397
    ],
    [
      0.26120817098557164,
      0.24391109469939626,
      0.30139034030309886,
      0.19349039401193321
    ],
    [
      0.2195776488028852,
      0.2578393380800185,
      0.3228636926290958,
      0.19971932048800045
    ],
    [
      0.23808039193460895,
      0.25119560322389,
      0.3043017988403071,
      0.20642220600119396
    ],
    [
      0.21126417428039032,
      0.2631125506214369,
      0.32206252429053217,
      0.20356075080764055
    ],
    [
      0.23480261215124915,
      0.25437403299420286,
      0.3030765766271282,
      0.20774677822741977
    ],
    [
      0.20945942576591636,
      0.2656145581634159,
      0.32114737788218417,
      0.20377863818848357
    ],
    [
      0.20412081124598935,
      0.2686735587735427,
      0.32339688285568036,
      0.2038087471247876
    ],
    [
      0.20298414235918377,
      0.2695885714428082,
      0.3224521862404722,
      0.20497509995753574
    ],
    [
      0.22670230029211041,
      0.2553763984517706,
      0.3207931514746493,
      0.19712814978146975
    ],
    [
      0.20467056600310843,
      0.26646780224667244,
      0.3249681680203848,
      0.20389346372983425
    ],
    [
      0.22527907980897652,
      0.2609595887390665,
      0.30350404739991277,
      0.2102572840520442
    ],
    [
      0.2068000844829883,
      0.26442204477471426,
      0.31661446234017676,
      0.21216340840212064
    ],
    [
      0.1996650615553505,
      0.2641055947449542,
      0.31821260211324676,
      0.21801674158644854
    ],
    [
      0.21604289912981997,
      0.24549337982415909,
      0.29599655586622453,
      0.2424671651797964
    ],
    [
      0.2065054675410163,
      0.235298473868716,
      0.3173702609929496,
      0.24082579759731804
    ],
    [
      0.18913467163406109,
      0.25244362518987346,
      0.31979833693780535,
      0.2386233662382601
    ],
    [
      0.2095692984267528,
      0.22947397313693493,
      0.31522330689394107,
      0.24573342154237118
    ],
    [
      0.18391657625571156,
      0.21803347436619042,
      0.32757738756857757,
      0.27047256180952045
    ],
    [
      0.17168245422658512,
      0.2293341560563785,
      0.3102890392469279,
      0.28869435047010844
    ],
    [
      0.16789110510486066,
      0.22945200761524048,
      0.3005888736005447,
      0.30206801367935415
    ],
    [
      0.16593559084412396,
      0.22759909530686323,
      0.2962928479934219,
      0.3101724658555909
    ],
    [
      0.1647468440716169,
      0.22593075035405905,
      0.2946139826938869,
      0.31470842288043716
    ],
    [
      0.16413231995496103,
      0.2249024207472698,
      0.294197046444858,
      0.3167682128529112
    ],
    [
      0.1640880856726756,
      0.2245872715873562,
      0.29447002426488667,
      0.31685461847508156
    ],
    [
      0.16792079014641592,
      0.19855954853984295,
      0.30799390349699746,
      0.3255257578167437
    ],
    [
      0.165295690825994,
      0.21340556569744804,
      0.3342928928720085,
      0.2870058506045495
    ],
    [
      0.16598808716487562,
      0.22642344396212066,
      0.3106779240744766,
      0.2969105447985271
    ],
    [
      0.167665525089987,
      0.22919005296955955,
      0.3023260377820994,
      0.30081838415835405
    ],
    [
      0.1817425257034882,
      0.2346718944322567,
      0.29490684155578195,
      0.2886787383084731
    ],
    [
      0.17553864562625882,
      0.22556709010915765,
      0.32463995419366415,
      0.2742543100709194
    ],
    [
      0.18437128497832833,
      0.2345665763227832,
      0.30076995448970617,
      0.2802921842091823
    ],
    [
      0.17324491654911503,
      0.23245610273621908,
      0.29519623296378045,
      0.29910274775088547
    ],
    [
      0.17724852839418306,
      0.22256626175217795,
      0.28245508466716895,
      0.31773012518647004
    ],
    [
      0.16988360776692232,
      0.22940875143897946,
      0.29082951378761746,
      0.30987812700648076
    ],
    [
      0.16852221310371723,
      0.22193431597205313,
      0.32673064097094956,
      0.28281282995328005
    ],
    [
      0.16738926168286067,
      0.2277404228580546,
      0.3065835135492756,
      0.29828680190980916
    ],
    [
      0.16732789430064593,
      0.2283977957546647,
      0.29938575136988027,
      0.30488855857480907
    ],
    [
      0.1653487460612984,
      0.2110148066720773,
      0.3217464895625516,
      0.30188995770407273
    ],
    [
      0.1752466073933841,
      0.2009886779325069,
      0.31863542244387894,
      0.30512929223023005
    ],
    [
      0.18249703579880183,
      0.22026697872887188,
      0.2947748951535218,
      0.3024610903188045
    ],
    [
      0.18054440014837814,
      0.22588852731068793,
      0.3274462919024339,
      0.26612078063850003
    ],
    [
      0.17847300715231987,
      0.23514755418084998,
      0.31361441235869003,
      0.2727650263081401
    ],
    [
      0.19436004932737008,
      0.24198804162362278,
      0.3000311719253158,
      0.2636207371236914
    ],
    [
      0.18723720938761063,
      0.2406054172647762,
      0.30320839426470464,
      0.26894897908290855
    ],
    [
      0.20073939262404117,
      0.2449387609646557,
      0.296575678698717,
      0.2577461677125862
    ],
    [
      0.206639745785484,
      0.24621381092184152,
      0.292538270548697,
      0.25460817274397746
    ],
    [
      0.1943659135680709,
      0.2433541965784968,
      0.30160600434064133,
      0.260673885512791
    ],
    [
      0.20481048886309294,
      0.24605292402678952,
      0.2957694277305428,
      0.2533671593795747
    ],
    [
      0.1941582783074941,
      0.24351258020965552,
      0.3034164781791825,
      0.25891266330366786
    ],
    [
      0.19769045515022354,
      0.2386355756710729,
      0.3255567791641096,
      0.23811719001459394
    ],
    [
      0.19772381392535335,
      0.23579817417719792,
      0.3340383561951015,
      0.23243965570234718
    ],
    [
      0.2030237393186735,
      0.24231652941487317,
      0.30635141519902015,
      0.24830831606743317
    ],
    [
      0.1864246103631691,
      0.2385219941466776,
      0.3033578095373169,
      0.27169558595283644
    ],
    [
      0.17936965845306346,
      0.23643362375623242,
      0.30152943431213175,
      0.2826672834785724
    ],
    [
      0.1766423894147865,
      0.24597455260634207,
      0.3072605429450008,
      0.2701225150338706
    ],
    [
      0.17227509765210366,
      0.21730025170294698,
      0.3210417900056269,
      0.2893828606393225
    ],
    [
      0.18089687774110733,
      0.23073163964507246,
      0.30072093909853,
      0.28765054351529024
    ],
    [
      0.16381904551869886,
      0.21018693842206845,
      0.319164778583775,
      0.30682923747545765
    ],
    [
      0.1610715001524719,
      0.22276095314664682,
      0.3021601892339529,
      0.31400735746692837
    ],
    [
      0.159596469036647,
      0.19561448465179385,
      0.31182021836877766,
      0.3329688279427815
    ],
    [
      0.15842804947238426,
      0.2190774378686129,
      0.2984354020713023,
      0.32405911058770054
    ],
    [
      0.15750503346172517,
      0.19480177654958736,
      0.31097555957175704,
      0.3367176304169304
    ],
    [
      0.16961944857953778,
      0.22406297447849613,
      0.29612271543267255,
      0.31019486150929354
    ],
    [
      0.16113250656692585,
      0.22590410247447304,
      0.2887948582271968,
      0.32416853273140434
    ],
    [
      0.15977450276283678,
      0.22497747403948043,
      0.2887507048211325,
      0.32649731837655027
    ],
    [
      0.17012068600993624,
      0.22828827147796865,
      0.2884362976146766,
      0.3131547448974185
    ],
    [
      0.16547542423038106,
      0.23718545788792322,
      0.29548636592295774,
      0.301852751958738
    ],
    [
      0.15933522472410042,
      0.22466091624335252,
      0.2884516483030416,
      0.3275522107295055
    ],
    [
      0.1535536038685746,
      0.19215982964204525,
      0.30679594284611833,
      0.3474906236432618
    ],
    [
      0.15528056371648108,
      0.21675595530951058,
      0.2942762348912433,
      0.333687246082765
    ],
    [
      0.15960079757318274,
      0.21132898724281282,
      0.2803765633617882,
      0.3486936518222163
    ],
    [
      0.15464897086581558,
      0.19284383083025375,
      0.30284745928668116,
      0.3496597390172495
    ],
    [
      0.16770809729305322,
      0.22347939592616808,
      0.2928577033113742,
      0.31595480346940447
    ],
    [
      0.16013752724548974,
      0.22575325872184013,
      0.28717690192599654,
      0.32693231210667356
    ],
    [
      0.15837255857306118,
      0.19726818518735384,
      0.3053912491964667,
      0.3389680070431183
    ],
    [
      0.17112210009179632,
      0.22567490215270036,
      0.2936678555487922,
      0.3095351422067111
    ],
    [
      0.16058189420304825,
      0.21823301582909752,
      0.32524376442040426,
      0.29594132554744995
    ],
    [
      0.15889448725496277,
      0.197503282751498,
      0.3206490353105079,
      0.3229531946830313
    ],
    [
      0.1588105660736056,
      0.22189532211547586,
      0.3003440106729225,
      0.318950101137996
    ],
    [
      0.1600021416650411,
      0.22546076862628245,
      0.29380982910776715,
      0.3207272606009093
    ],
    [
      0.15846847182475157,
      0.21586977513738667,
      0.329822556530875,
      0.29583919650698676
    ],
    [
      0.16406965990535813,
      0.23501208330951054,
      0.3114214164557573,
      0.28949684032937406
    ],
    [
      0.17037369675158032,
      0.22937019519935214,
      0.2938132879681981,
      0.3064428200808695
    ],
    [
      0.15932737849635695,
      0.22463961874168542,
      0.2856501956359899,
      0.33038280712596774
    ],
    [
      0.15601046818080141,
      0.2216078181768154,
      0.2846006403716275,
      0.3377810732707556
    ],
    [
      0.14763646734380656,
      0.18874302018421976,
      0.3064481099583308,
      0.35717240251364285
    ],
    [
      0.15441585010804434,
      0.20534713365492588,
      0.28264485273917883,
      0.35759216349785095
    ],
    [
      0.15192156011771202,
      0.21774891568455154,
      0.28292927677793683,
      0.34740024741979963
    ],
    [
      0.144793430849039,
      0.18854302546748763,
      0.3066694292118924,
      0.359994114471581
    ],
    [
      0.14998964085608205,
      0.21440825118733176,
      0.2926646351656254,
      0.34293747279096076
    ],
    [
      0.1524720329236895,
      0.21854293676175313,
      0.28888397761545614,
      0.34010105269910124
    ],
    [
      0.15432057816988035,
      0.21846567530048497,
      0.288382117139999,
      0.3388316293896355
    ]
  ],
  "agent_mean_responsibility": [
    0.20450216367019303,
    0.24471409975817415,
    0.3110057209991897,
    0.23977801557244338
  ],
  "dominant_counts": {
    "MF Reward": 0,
    "MF Choice": 0,
    "Model-based": 158,
    "Bias": 42
  }
}